   CO2
   Test calculation
   15th January 2020

MASSES 1       15.9949146      12.0000000      15.9949146
LAST ISOT      -1.0            -1.0            -1.0
JM+V2M+MBA   5  14  12   9   6
RHOE       0          0.0
FA1        1  0.385776E+05  
FA2        0  0.186956E+05
FA3        0  0.143291E+05
FA4        0          0.0
FA5        0          0.0
FA6        0          0.0
FA7        0          0.0
FA8        0          0.0
SYMM
RE12       0  0.116029E+01
AA1        0  2.3000
F1A1       1  0.286137E+05  
F1A1       1  0.278210E+05  
F2A1       0 -0.165454E+05
F3A1       0          0.0
F4A1       0          0.0
F11        1  0.751080E+05  
F1A11      0 -0.102538E+05
F2A11      0          0.0
F3A11      0          0.0
F13        0  0.119067E+05
F1A13      0  0.231755E+05
F2A13      0          0.0
F3A13      0          0.0
F111       0 -0.285241E+04
F1A111     0          0.0
F2A111     0          0.0
F113       0          0.0
F1A113     0          0.0
F2A113     0          0.0
F1111      0          0.0
F1A1111    0          0.0
F1113      0          0.0
F1A1113    0          0.0
F1133      0          0.0
F1A1133    0          0.0
V0TYPE       1
NATTS       30
RHOMAX      2.0
ETRIAL      500.00
PNM1       0.100000000D-31
NSTINT    2000
NSERIN      40
NSERP        2
NSERQ        9
NSTNIN      30
THRSH1      0.10000000D-05
THRSH2      0.10000000D-05
THRSH3      0.10000000D+21
THRSH4      0.10000000D+00
THRSH5      0.10000000D-03
ITEST        0
PRTINT     100
   1  0  0  0  3  0  0  0  1   1388.0   1.0
   1  0  0  0  2  0  0  0  1   1285.4   1.0
   1  1  1  1  1  0  0  0  1    667.0   1.0
   1  0  1  0  1  0  0  0  1   2349.0   1.0
  -1 -1 -1 -1 -1 -1 -1 -1 -1      0.0             0.0
  330   0
   0.05
111 12
1111111111110000000000000000000000000000000000000
