 
         HCO+ POINTS FROM T. Hirano June 2012
         THE GROUND STATE
         ONE STATE MORBFIT
MASSES 1       1.00782505      12.00000000      15.99491463
MASSES 1       2.01410178      12.00000000      15.99491463
LAST ISOT      -1.0            -1.0            -1.0
JM+V2M+MBA   5  12  12  12   0
JM+V2M+MBA   5  12  12  12   0
RHOE       0          0.0
FA1        1 0.1817872E+05 
FA2        0 0.8254886E+03 
FA3        1 0.2312469E+05 
FA4        0          0.0
FA5        0          0.0
FA6        0          0.0
FA7        0          0.0
FA8        0          0.0
UNSYMM
RE12       1 0.1098019E+01   1 0.110706E+01 
AA1        0 0.2017181E+01   0 2.393
F1A1       1-0.4101922E+04   1-0.7528020E+04 
F2A1       0          0.0    0-0.9561191E+05 
F3A1       0          0.0    0 0.5959454E+06
F4A1       0          0.0    0          0.0
F11        1 0.328641E+05    1 0.966546E+05 
F1A11      1 0.413133E+04    0          0.0  
F2A11      0-0.106897E+06    0          0.0
F3A11      0          0.0    0          0.0
F13        1-0.1935463E+04 
F1A13      0  0.550333E+04  
F2A13      0          0.0
F3A13      0          0.0 
F111       1 0.103416E+05    1 0.2605481E+04 
F1A111     0-0.4925315E+05   0          0.0
F2A111     0          0.0    0          0.0
F113       0          0.0    0 -0.964501E+03  
F1A113     0          0.0    0          0.0 
F2A113     0          0.0    0          0.0
F1111      0          0.0    0          0.0   
F1A1111    0          0.0    0          0.0
F1113      0          0.0    0          0.0 
F1A1113    0          0.0    0          0.0
F1133      0          0.0
F1A1133    0          0.0
V0TYPE       1
NATTS       30
RHOMAX      1.2
ETRIAL      1000.0
PNM1       0.100000000D-31
NSTINT    1000
NSERIN      40
NSERP        2
NSERQ        9
NSTNIN      30
THRSH1      0.10000000D-05
THRSH2      0.10000000D-05
THRSH3      1.00000000D+20
THRSH4      0.10000000D+00
THRSH5      0.10000000D-03
ITEST        0
PRTINT     100
  29 
  1   1  0  1   1   0  0  0   1         2.975009  10.0
  1   2  0  0   1   0  0  0   1         8.924960  10.0
  1   3  0  1   1   0  0  0   1        17.849722  10.0
  1   4  0  0   1   0  0  0   1        29.749096  10.0
  1   5  0  1   1   0  0  0   1        44.622817  10.0
  1   1  0  1   2   0  0  0   1       831.204520   1.0
  1   2  0  0   2   1  0  1   2         5.946864  10.0
  1   3  0  1   2   1  0  1   2        14.866992  10.0
  1   4  0  0   2   1  0  1   2        26.760180  10.0
  1   5  0  1   2   1  0  1   2        41.626159  10.0
  1   1  0  0   1   0  0  0   1       831.218382   1.0
  1   2  0  1   1   1  0  0   1         5.975111  10.0
  1   3  0  0   1   1  0  0   1        14.937608  10.0
  1   4  0  1   1   1  0  0   1        26.887287  10.0
  1   5  0  0   1   1  0  0   1        41.823878  10.0
  1   0  0  0   2   0  0  0   1      1638.619000   1.0
  1   1  0  1   3   0  0  0   2         2.986587  10.0
  1   2  0  0   3   0  0  0   2         8.959615  10.0
  1   3  0  1   3   0  0  0   2        17.918790  10.0
  1   4  0  0   3   0  0  0   2        29.863672  10.0
  1   5  0  1   3   0  0  0   2        44.793674  10.0
  1   2  0  0   4   0  0  0   1      1654.366704   1.0
  1   3  0  1   4   2  0  0   4         8.957119  10.0
  1   4  0  0   4   2  0  0   4        20.899958  10.0
  1   5  0  1   4   2  0  0   4        35.828529  10.0
  1   2  0  1   2   0  0  0   1      1654.366235   1.0
  1   3  0  0   2   2  0  1   2         8.955592  10.0
  1   4  0  1   2   2  0  1   2        20.896118  10.0
  1   5  0  0   2   2  0  1   2        35.821356  10.0
  1   0  0  0   3   0  0  0   1      2183.949840   1.0
  1   1  0  1   4   0  0  0   3         2.955358  10.0
  1   2  0  0   5   0  0  0   3         8.866007  10.0
  1   3  0  1   5   0  0  0   3        17.731815  10.0
  1   4  0  0   5   0  0  0   3        29.552584  10.0
  1   5  0  1   5   0  0  0   3        44.328047  10.0
  1   1  0  1   5   0  0  0   1      2459.399200   1.0
  1   2  0  0   6   1  0  1   5         5.980800  10.0
  1   3  0  1   6   1  0  1   5        14.952000  10.0
  1   4  0  0   6   1  0  1   5        26.913600  10.0
  1   5  0  1   6   1  0  1   5        41.865600  10.0
  1   3  0  1   7   0  0  0   1      2488.426800   1.0
  1   4  0  0   7   3  0  1   7        11.964800  10.0
  1   5  0  1   7   3  0  1   7        26.920800  10.0
  1   1  0  1   6   0  0  0   1      3015.288539   1.0
  1   2  0  0   7   1  0  1   6         5.905698  10.0
  1   3  0  1   8   1  0  1   6        14.764075  10.0
  1   4  0  0   8   1  0  1   6        26.574927  10.0
  1   5  0  1   8   1  0  1   6        41.337981  10.0
  1   1  0  0   3   0  0  0   1      3015.296006   1.0
  1   2  0  1   4   1  0  0   3         5.935568  10.0
  1   3  0  0   5   1  0  0   3        14.838751  10.0
  1   4  0  1   5   1  0  0   3        26.709346  10.0
  1   5  0  0   5   1  0  0   3        41.547085  10.0
  1   0  0  0   4   0  0  0   1      3088.738990   1.0
  1   1  0  1   7   0  0  0   4         2.951399  10.0
  1   2  0  0   8   0  0  0   4         8.854133  10.0
  1   3  0  1   9   0  0  0   4        17.708069  10.0
  1   4  0  0   9   0  0  0   4        29.513011  10.0
  1   5  0  1   9   0  0  0   4        44.268698  10.0
  1   1  0  1  10   0  0  0   1      3895.817023   1.0
  1   2  0  0  13   1  0  1  10         5.902394  10.0
  1   3  0  1  14   1  0  1  10        14.755819  10.0
  1   4  0  0  15   1  0  1  10        26.560072  10.0
  1   5  0  1  15   1  0  1  10        41.314887  10.0
  1   1  0  0   4   0  0  0   1      3895.830123   1.0
  1   2  0  1   7   1  0  0   4         5.929515  10.0
  1   3  0  0   8   1  0  0   4        14.823619  10.0
  1   4  0  1   9   1  0  0   4        26.682108  10.0
  1   5  0  0   9   1  0  0   4        41.504710  10.0
  1   0  0  0   7   0  0  0   1      4347.786100   1.0
  1   1  0  1  12   0  0  0   7         2.935550  10.0
  1   2  0  0  15   0  0  0   7         8.806586  10.0
  1   3  0  1  17   0  0  0   7        17.612983  10.0
  1   4  0  0  18   0  0  0   7        29.354552  10.0
  1   5  0  1  19   0  0  0   7        44.031043  10.0
  1   0  0  0   8   0  0  0   1      4679.373000   1.0
  1   1  0  1  14   0  0  0   8         2.965356  10.0
  1   2  0  0  17   0  0  0   8         8.895931  10.0
  1   3  0  1  20   0  0  0   8        17.791448  10.0
  1   4  0  0  21   0  0  0   8        29.651492  10.0
  1   5  0  1  22   0  0  0   8        44.475511  10.0
  1   2  0  0  18   0  0  0   1      4694.516963   1.0
  1   3  0  1  21   2  0  0  18          8.897878  10.0
  1   4  0  0  22   2  0  0  18         20.761688  10.0
  1   5  0  1  23   2  0  0  18         35.591407  10.0
  1   2  0  1  10   0  0  0   1      4694.516500   1.0
  1   3  0  0  13   2  0  1  10         8.896381  10.0
  1   4  0  1  14   2  0  1  10        20.757945  10.0
  1   5  0  0  15   2  0  1  10        35.584453  10.0
  1   0  0  0  10   0  0  0   1      5247.086330   1.0
  1   1  0  1  17   0  0  0  10         2.933011  10.0
  1   2  0  0  22   0  0  0  10         8.798968  10.0
  1   3  0  1  25   0  0  0  10        17.597739  10.0
  1   4  0  0  27   0  0  0  10        29.329126  10.0
  1   5  0  1  28   0  0  0  10        43.992868  10.0
  1   1  0  1  22   0  0  0   1      6054.565117   1.0
  1   2  0  0  29   1  0  1  22         5.858410  10.0
  1   3  0  1  34   1  0  1  22        14.645852  10.0
  1   4  0  0  37   1  0  1  22        26.362115  10.0
  1   5  0  1  39   1  0  1  22        41.006921  10.0
  1   1  0  0  10   0  0  0   1      6054.573927   1.0
  1   2  0  1  17   1  0  0  10         5.893649  10.0
  1   3  0  0  22   1  0  0  10        14.733945  10.0
  1   4  0  1  25   1  0  0  10        26.520674  10.0
  1   5  0  0  27   1  0  0  10        41.253553  10.0
  1   0  0  0  13   0  0  0   1      6078.684150   1.0
  1   1  0  1  23   0  0  0  13         2.930387  10.0
  1   2  0  0  30   0  0  0  13         8.791098  10.0
  1   3  0  1  35   0  0  0  13        17.582005  10.0
  1   4  0  0  38   0  0  0  13        29.302919  10.0
  1   5  0  1  40   0  0  0  13        43.953586  10.0
  1   0  0  0  19   0  0  0   1      7385.949800   1.0
  1   1  0  1  35   0  0  0  19         2.914524  10.0
  1   2  0  0  46   0  0  0  19         8.743508  10.0
  1   3  0  1  55   0  0  0  19        17.486830  10.0
  1   4  0  0  61   0  0  0  19        29.144300  10.0
  1   5  0  1  66   0  0  0  19        43.715671  10.0
  2   1  0  1   7   0  0  0   4         2.387550  10.0
  2   2  0  0   8   0  0  0   4         7.162605  10.0
  2   3  0  1   9   0  0  0   4        14.325075  10.0
  2   4  0  0   9   0  0  0   4        23.874828  10.0
  2   5  0  1   9   0  0  0   4        35.811686  10.0
  2   1  0  1   4   0  0  0   3         2.386149  10.0
  2   2  0  0   5   0  0  0   3         7.158409  10.0
  2   3  0  1   5   0  0  0   3        14.316709  10.0
  2   4  0  0	5   0  0  0   3        23.860934  10.0
  2   5  0  1   5   0  0  0   3        35.790939  10.0
  2   2  0  1   6   1  0  0   4         4.799208  10.0
  2   3  0  0   7   1  0  0   4        11.997905  10.0
  2   4  0  1   8   1  0  0   4        21.595954  10.0
  2   5  0  0   8   1  0  0   4        33.593168  10.0
  2   2  0  0  12   1  0  1  10         4.761787  10.0
  2   3  0  1  13   1  0  1  10        11.904326  10.0
  2   4  0  0  14   1  0  1  10        21.427462  10.0
  2   5  0  1  14   1  0  1  10        33.330985  10.0
  2   2  0  1   1   1  0  0   1         4.826908  10.0
  2   3  0  0   1   1  0  0   1        12.067153  10.0
  2   4  0  1   1   1  0  0   1        21.720597  10.0
  2   5  0  0   1   1  0  0   1        33.787054  10.0
  2   2  0  0   2   1  0  1   2         4.804111  10.0
  2   3  0  1   2   1  0  1   2        12.010169  10.0
  2   4  0  0	2   1  0  1   2        21.618030  10.0
  2   5  0  1	2   1  0  1   2        33.627514  10.0
  2   1  0  1   3   0  0  0   2         2.414466  10.0
  2   2  0  0   3   0  0  0   2         7.243266  10.0
  2   3  0  1   3   0  0  0   2        14.486137  10.0
  2   4  0  0   3   0  0  0   2        24.142684  10.0
  2   5  0  1   3   0  0  0   2        36.212356  10.0
  2   3  0  0	2   2  0  1   2         7.242282  10.0
  2   4  0  1   2   2  0  1   2        16.898833  10.0
  2   5  0  0   2   2  0  1   2        28.969800  10.0
  2   3  0  1   4   2  0  0   4         7.241944  10.0
  2   4  0  0   4   2  0  0   4        16.897648  10.0
  2   5  0  1   4   2  0  0   4        28.966928  10.0
  2   2  0  1   3   1  0  0   2         4.865074  10.0
  2   3  0  0   3   1  0  0   2        12.162481  10.0
  2   4  0  1   3   1  0  0   2        21.891973  10.0
  2   5  0  0   3   1  0  0   2        34.053211  10.0
  2   2  0  0   6   1  0  1   5         4.818719  10.0
  2   3  0  1   6   1  0  1   5        12.046591  10.0
  2   4  0  0   6   1  0  1   5        21.683378  10.0
  2   5  0  1   6   1  0  1   5        33.728761  10.0
  2   4  0  1   4   3  0  0   4         9.680167  10.0
  2   5  0  0	4   3  0  0   4        21.780263  10.0
  2   4  0  0   7   3  0  1   7         9.680171  10.0
  2   5  0  1   7   3  0  1   7        21.780266  10.0
  2   1  0  1   8   0  0  0   5         2.427734  10.0
  2   2  0  0  10   0  0  0   5         7.282881  10.0
  2   3  0  1  11   0  0  0   5        14.564792  10.0
  2   4  0  0  11   0  0  0   5        24.272495  10.0
  2   5  0  1  11   0  0  0   5        36.404701  10.0
  2   3  0  0   6   2  0  1   5         7.282744  10.0
  2   4  0  1   6   2  0  1   5        16.993968  10.0
  2   5  0  0   6   2  0  1   5        29.134438  10.0
  2   3  0  1  10   2  0  0   9         7.281651  10.0
  2   4  0  0  10   2  0  0   9        16.990144  10.0
  2   5  0  1  10   2  0  0   9        29.125158  10.0
  2   5  0  0	7   4  0  1   7        12.129047  10.0
  -2 -1 -1 -1 -1 -1 -1 -1 -1 -1      0.0             0.0
  0.1
  0.99400002       1.1090000       178.00000      0.99400002       1.1090000       180.00000      5.29289246E-05  1.00000000    
  0.99400002       1.1090000       175.00000      0.99400002       1.1090000       178.00000      2.77876854E-04  1.00000000    
  0.99400002       1.1090000       171.00000      0.99400002       1.1090000       175.00000      7.41839409E-04  1.00000000    
  0.99400002       1.1090000       166.00000      0.99400002       1.1090000       171.00000      1.52659416E-03  1.00000000    
  0.99400002       1.1090000       159.00000      0.99400002       1.1090000       166.00000      3.26395035E-03  1.00000000    
   1.0440000       1.0890000       180.00000      0.99400002       1.1090000       159.00000     -1.07999444E-02  1.00000000    
   1.0440000       1.0890000       178.00000       1.0440000       1.0890000       180.00000      5.34057617E-05  1.00000000    
   1.0440000       1.0890000       175.00000       1.0440000       1.0890000       178.00000      2.80499458E-04  1.00000000    
   1.0440000       1.0890000       171.00000       1.0440000       1.0890000       175.00000      7.48336315E-04  1.00000000    
   1.0440000       1.0890000       166.00000       1.0440000       1.0890000       171.00000      1.53875351E-03  1.00000000    
   1.0440000       1.0890000       159.00000       1.0440000       1.0890000       166.00000      3.28576565E-03  1.00000000    
   1.0440000       1.1090000       180.00000       1.0440000       1.0890000       159.00000     -6.65920973E-03  1.00000000    
   1.0440000       1.1090000       178.00000       1.0440000       1.1090000       180.00000      5.17964363E-05  1.00000000    
   1.0440000       1.1090000       175.00000       1.0440000       1.1090000       178.00000      2.71975994E-04  1.00000000    
   1.0440000       1.1090000       171.00000       1.0440000       1.1090000       175.00000      7.25686550E-04  1.00000000    
   1.0440000       1.1090000       166.00000       1.0440000       1.1090000       171.00000      1.49208307E-03  1.00000000    
   1.0440000       1.1090000       159.00000       1.0440000       1.1090000       166.00000      3.18646431E-03  1.00000000    
   1.0440000       1.1289999       180.00000       1.0440000       1.1090000       159.00000     -4.49031591E-03  1.00000000    
   1.0440000       1.1289999       178.00000       1.0440000       1.1289999       180.00000      5.01275063E-05  1.00000000    
   1.0440000       1.1289999       175.00000       1.0440000       1.1289999       178.00000      2.63452530E-04  1.00000000    
   1.0440000       1.1289999       171.00000       1.0440000       1.1289999       175.00000      7.02857971E-04  1.00000000    
   1.0440000       1.1289999       166.00000       1.0440000       1.1289999       171.00000      1.44535303E-03  1.00000000    
   1.0440000       1.1289999       159.00000       1.0440000       1.1289999       166.00000      3.08668613E-03  1.00000000    
   1.0740000       1.0590000       180.00000       1.0440000       1.1289999       159.00000     -1.80548429E-03  1.00000000    
   1.0740000       1.0590000       178.00000       1.0740000       1.0590000       180.00000      5.50150871E-05  1.00000000    
   1.0740000       1.0590000       175.00000       1.0740000       1.0590000       178.00000      2.88844109E-04  1.00000000    
   1.0740000       1.0590000       171.00000       1.0740000       1.0590000       175.00000      7.70568848E-04  1.00000000    
   1.0740000       1.0590000       166.00000       1.0740000       1.0590000       171.00000      1.58351660E-03  1.00000000    
   1.0740000       1.0590000       159.00000       1.0740000       1.0590000       166.00000      3.37874889E-03  1.00000000    
   1.0740000       1.0890000       180.00000       1.0740000       1.0590000       159.00000     -1.16549134E-02  1.00000000    
   1.0740000       1.0890000       178.00000       1.0740000       1.0890000       180.00000      5.26905060E-05  1.00000000    
   1.0740000       1.0890000       175.00000       1.0740000       1.0890000       178.00000      2.76505947E-04  1.00000000    
   1.0740000       1.0890000       171.00000       1.0740000       1.0890000       175.00000      7.37607479E-04  1.00000000    
   1.0740000       1.0890000       166.00000       1.0740000       1.0890000       171.00000      1.51598454E-03  1.00000000    
   1.0740000       1.0890000       159.00000       1.0740000       1.0890000       166.00000      3.23474407E-03  1.00000000    
   1.0740000       1.1090000       180.00000       1.0740000       1.0890000       159.00000     -6.60079718E-03  1.00000000    
   1.0740000       1.1090000       178.00000       1.0740000       1.1090000       180.00000      5.10811806E-05  1.00000000    
   1.0740000       1.1090000       175.00000       1.0740000       1.1090000       178.00000      2.68280506E-04  1.00000000    
   1.0740000       1.1090000       171.00000       1.0740000       1.1090000       175.00000      7.15553761E-04  1.00000000    
   1.0740000       1.1090000       166.00000       1.0740000       1.1090000       171.00000      1.47062540E-03  1.00000000    
   1.0740000       1.1090000       159.00000       1.0740000       1.1090000       166.00000      3.13818455E-03  1.00000000    
   1.0740000       1.1289999       180.00000       1.0740000       1.1090000       159.00000     -4.43649292E-03  1.00000000    
   1.0740000       1.1289999       178.00000       1.0740000       1.1289999       180.00000      4.95314598E-05  1.00000000    
   1.0740000       1.1289999       175.00000       1.0740000       1.1289999       178.00000      2.59935856E-04  1.00000000    
   1.0740000       1.1289999       171.00000       1.0740000       1.1289999       175.00000      6.93380833E-04  1.00000000    
   1.0740000       1.1289999       166.00000       1.0740000       1.1289999       171.00000      1.42514706E-03  1.00000000    
   1.0740000       1.1289999       159.00000       1.0740000       1.1289999       166.00000      3.04120779E-03  1.00000000    
   1.0740000       1.1590000       180.00000       1.0740000       1.1289999       159.00000     -5.05685806E-04  1.00000000    
   1.0740000       1.1590000       178.00000       1.0740000       1.1590000       180.00000      4.70876694E-05  1.00000000    
   1.0740000       1.1590000       175.00000       1.0740000       1.1590000       178.00000      2.47359276E-04  1.00000000    
   1.0740000       1.1590000       171.00000       1.0740000       1.1590000       175.00000      6.59942627E-04  1.00000000    
   1.0740000       1.1590000       166.00000       1.0740000       1.1590000       171.00000      1.35654211E-03  1.00000000    
   1.0740000       1.1590000       159.00000       1.0740000       1.1590000       166.00000      2.89493799E-03  1.00000000    
   1.0940000       1.0190001       180.00000       1.0740000       1.1590000       159.00000      1.24086738E-02  1.00000000    
   1.0940000       1.0190001       178.00000       1.0940000       1.0190001       180.00000      5.75184822E-05  1.00000000    
   1.0940000       1.0190001       175.00000       1.0940000       1.0190001       178.00000      3.01897526E-04  1.00000000    
   1.0940000       1.0190001       171.00000       1.0940000       1.0190001       175.00000      8.05139542E-04  1.00000000    
   1.0940000       1.0190001       166.00000       1.0940000       1.0190001       171.00000      1.65414810E-03  1.00000000    
   1.0940000       1.0190001       159.00000       1.0940000       1.0190001       166.00000      3.52752209E-03  1.00000000    
   1.0940000       1.0590000       180.00000       1.0940000       1.0190001       159.00000     -2.39405632E-02  1.00000000    
   1.0940000       1.0590000       178.00000       1.0940000       1.0590000       180.00000      5.44786453E-05  1.00000000    
   1.0940000       1.0590000       175.00000       1.0940000       1.0590000       178.00000      2.85863876E-04  1.00000000    
   1.0940000       1.0590000       171.00000       1.0940000       1.0590000       175.00000      7.62581825E-04  1.00000000    
   1.0940000       1.0590000       166.00000       1.0940000       1.0590000       171.00000      1.56664848E-03  1.00000000    
   1.0940000       1.0590000       159.00000       1.0940000       1.0590000       166.00000      3.34101915E-03  1.00000000    
   1.0940000       1.0890000       180.00000       1.0940000       1.0590000       159.00000     -1.16191506E-02  1.00000000    
   1.0940000       1.0890000       178.00000       1.0940000       1.0890000       180.00000      5.21540642E-05  1.00000000    
   1.0940000       1.0890000       175.00000       1.0940000       1.0890000       178.00000      2.73764133E-04  1.00000000    
   1.0940000       1.0890000       171.00000       1.0940000       1.0890000       175.00000      7.30276108E-04  1.00000000    
   1.0940000       1.0890000       166.00000       1.0940000       1.0890000       171.00000      1.50048733E-03  1.00000000    
   1.0940000       1.0890000       159.00000       1.0940000       1.0890000       166.00000      3.19993496E-03  1.00000000    
   1.0940000       1.1090000       180.00000       1.0940000       1.0890000       159.00000     -6.55984879E-03  1.00000000    
   1.0940000       1.1090000       178.00000       1.0940000       1.1090000       180.00000      5.06043434E-05  1.00000000    
   1.0940000       1.1090000       175.00000       1.0940000       1.1090000       178.00000      2.65657902E-04  1.00000000    
   1.0940000       1.1090000       171.00000       1.0940000       1.1090000       175.00000      7.08639622E-04  1.00000000    
   1.0940000       1.1090000       166.00000       1.0940000       1.1090000       171.00000      1.45602226E-03  1.00000000    
   1.0940000       1.1090000       159.00000       1.0940000       1.1090000       166.00000      3.10528278E-03  1.00000000    
   1.0940000       1.1289999       180.00000       1.0940000       1.1090000       159.00000     -4.39864397E-03  1.00000000    
   1.0940000       1.1289999       178.00000       1.0940000       1.1289999       180.00000      4.90546227E-05  1.00000000    
   1.0940000       1.1289999       175.00000       1.0940000       1.1289999       178.00000      2.57492065E-04  1.00000000    
   1.0940000       1.1289999       171.00000       1.0940000       1.1289999       175.00000      6.86883926E-04  1.00000000    
   1.0940000       1.1289999       166.00000       1.0940000       1.1289999       171.00000      1.41131878E-03  1.00000000    
   1.0940000       1.1289999       159.00000       1.0940000       1.1289999       166.00000      3.01015377E-03  1.00000000    
   1.0940000       1.1590000       180.00000       1.0940000       1.1289999       159.00000     -4.80473042E-04  1.00000000    
   1.0940000       1.1590000       178.00000       1.0940000       1.1590000       180.00000      4.66704369E-05  1.00000000    
   1.0940000       1.1590000       175.00000       1.0940000       1.1590000       178.00000      2.45153904E-04  1.00000000    
   1.0940000       1.1590000       171.00000       1.0940000       1.1590000       175.00000      6.53982162E-04  1.00000000    
   1.0940000       1.1590000       166.00000       1.0940000       1.1590000       171.00000      1.34390593E-03  1.00000000    
   1.0940000       1.1590000       159.00000       1.0940000       1.1590000       166.00000      2.86644697E-03  1.00000000    
   1.0940000       1.1990000       180.00000       1.0940000       1.1590000       159.00000      6.12258911E-03  1.00000000    
   1.0940000       1.1990000       178.00000       1.0940000       1.1990000       180.00000      4.35113907E-05  1.00000000    
   1.0940000       1.1990000       175.00000       1.0940000       1.1990000       178.00000      2.28583813E-04  1.00000000    
   1.0940000       1.1990000       171.00000       1.0940000       1.1990000       175.00000      6.09755516E-04  1.00000000    
   1.0940000       1.1990000       166.00000       1.0940000       1.1990000       171.00000      1.25312805E-03  1.00000000    
   1.0940000       1.1990000       159.00000       1.0940000       1.1990000       166.00000      2.67350674E-03  1.00000000    
   1.1140000       1.0590000       180.00000       1.0940000       1.1990000       159.00000     -1.54798627E-02  1.00000000    
   1.1140000       1.0590000       178.00000       1.1140000       1.0590000       180.00000      5.38825989E-05  1.00000000    
   1.1140000       1.0590000       175.00000       1.1140000       1.0590000       178.00000      2.82883644E-04  1.00000000    
   1.1140000       1.0590000       171.00000       1.1140000       1.0590000       175.00000      7.54415989E-04  1.00000000    
   1.1140000       1.0590000       166.00000       1.1140000       1.0590000       171.00000      1.54948235E-03  1.00000000    
   1.1140000       1.0590000       159.00000       1.1140000       1.0590000       166.00000      3.30287218E-03  1.00000000    
   1.1140000       1.0890000       180.00000       1.1140000       1.0590000       159.00000     -1.15817189E-02  1.00000000    
   1.1140000       1.0890000       178.00000       1.1140000       1.0890000       180.00000      5.16176224E-05  1.00000000    
   1.1140000       1.0890000       175.00000       1.1140000       1.0890000       178.00000      2.71022320E-04  1.00000000    
   1.1140000       1.0890000       171.00000       1.1140000       1.0890000       175.00000      7.22765923E-04  1.00000000    
   1.1140000       1.0890000       166.00000       1.1140000       1.0890000       171.00000      1.48463249E-03  1.00000000    
   1.1140000       1.0890000       159.00000       1.1140000       1.0890000       166.00000      3.16464901E-03  1.00000000    
   1.1140000       1.1090000       180.00000       1.1140000       1.0890000       159.00000     -6.51735067E-03  1.00000000    
   1.1140000       1.1090000       178.00000       1.1140000       1.1090000       180.00000      5.00679016E-05  1.00000000    
   1.1140000       1.1090000       175.00000       1.1140000       1.1090000       178.00000      2.63035297E-04  1.00000000    
   1.1140000       1.1090000       171.00000       1.1140000       1.1090000       175.00000      7.01546669E-04  1.00000000    
   1.1140000       1.1090000       166.00000       1.1140000       1.1090000       171.00000      1.44100189E-03  1.00000000    
   1.1140000       1.1090000       159.00000       1.1140000       1.1090000       166.00000      3.07190418E-03  1.00000000    
   1.1140000       1.1289999       180.00000       1.1140000       1.1090000       159.00000     -4.35930490E-03  1.00000000    
   1.1140000       1.1289999       178.00000       1.1140000       1.1289999       180.00000      4.85777855E-05  1.00000000    
   1.1140000       1.1289999       175.00000       1.1140000       1.1289999       178.00000      2.55048275E-04  1.00000000    
   1.1140000       1.1289999       171.00000       1.1140000       1.1289999       175.00000      6.80148602E-04  1.00000000    
   1.1140000       1.1289999       166.00000       1.1140000       1.1289999       171.00000      1.39713287E-03  1.00000000    
   1.1140000       1.1289999       159.00000       1.1140000       1.1289999       166.00000      2.97850370E-03  1.00000000    
   1.1140000       1.1590000       180.00000       1.1140000       1.1289999       159.00000     -4.53591347E-04  1.00000000    
   1.1140000       1.1590000       178.00000       1.1140000       1.1590000       180.00000      4.62532043E-05  1.00000000    
   1.1140000       1.1590000       175.00000       1.1140000       1.1590000       178.00000      2.42888927E-04  1.00000000    
   1.1140000       1.1590000       171.00000       1.1140000       1.1590000       175.00000      6.47842884E-04  1.00000000    
   1.1140000       1.1590000       166.00000       1.1140000       1.1590000       171.00000      1.33091211E-03  1.00000000    
   1.1140000       1.1590000       159.00000       1.1140000       1.1590000       166.00000      2.83747911E-03  1.00000000    
   1.1440001       1.0890000       180.00000       1.1140000       1.1590000       159.00000     -9.12433863E-03  1.00000000    
   1.1440001       1.0890000       178.00000       1.1440001       1.0890000       180.00000      5.07831573E-05  1.00000000    
   1.1440001       1.0890000       175.00000       1.1440001       1.0890000       178.00000      2.66730785E-04  1.00000000    
   1.1440001       1.0890000       171.00000       1.1440001       1.0890000       175.00000      7.11202621E-04  1.00000000    
   1.1440001       1.0890000       166.00000       1.1440001       1.0890000       171.00000      1.46031380E-03  1.00000000    
   1.1440001       1.0890000       159.00000       1.1440001       1.0890000       166.00000      3.11070681E-03  1.00000000    
   1.1440001       1.1090000       180.00000       1.1440001       1.0890000       159.00000     -6.45095110E-03  1.00000000    
   1.1440001       1.1090000       178.00000       1.1440001       1.1090000       180.00000      4.93526459E-05  1.00000000    
   1.1440001       1.1090000       175.00000       1.1440001       1.1090000       178.00000      2.58982182E-04  1.00000000    
   1.1440001       1.1090000       171.00000       1.1440001       1.1090000       175.00000      6.90579414E-04  1.00000000    
   1.1440001       1.1090000       166.00000       1.1440001       1.1090000       171.00000      1.41793489E-03  1.00000000    
   1.1440001       1.1090000       159.00000       1.1440001       1.1090000       166.00000      3.02070379E-03  1.00000000    
   1.1440001       1.1289999       180.00000       1.1440001       1.1090000       159.00000     -4.29755449E-03  1.00000000    
   1.1440001       1.1289999       178.00000       1.1440001       1.1289999       180.00000      4.78029251E-05  1.00000000    
   1.1440001       1.1289999       175.00000       1.1440001       1.1289999       178.00000      2.51173973E-04  1.00000000    
   1.1440001       1.1289999       171.00000       1.1440001       1.1289999       175.00000      6.69777393E-04  1.00000000    
   1.1440001       1.1289999       166.00000       1.1440001       1.1289999       171.00000      1.37537718E-03  1.00000000    
   1.1440001       1.1289999       159.00000       1.1440001       1.1289999       166.00000      2.92998552E-03  1.00000000    
   1.1940000       1.1090000       180.00000       1.1440001       1.1289999       159.00000     -2.65192986E-03  1.00000000    
   1.1940000       1.1090000       178.00000       1.1940000       1.1090000       180.00000      4.79817390E-05  1.00000000    
   1.1940000       1.1090000       175.00000       1.1940000       1.1090000       178.00000      2.51889229E-04  1.00000000    
   1.1940000       1.1090000       171.00000       1.1940000       1.1090000       175.00000      6.71446323E-04  1.00000000    
   1.1940000       1.1090000       166.00000       1.1940000       1.1090000       171.00000      1.37805939E-03  1.00000000    
   1.1940000       1.1090000       159.00000       1.1940000       1.1090000       166.00000      2.93278694E-03  1.00000000       
 -999., /
 12200  0
  0.01
