LOW.STATE:       0  A'   1     2.97501     2.97453     0.00048     2.06312
LOW.STATE:       0  A'   1     8.92496     8.92353     0.00143     2.06312
LOW.STATE:       0  A'   1    17.84972    17.84686     0.00286     2.06312
LOW.STATE:       0  A'   1    29.74910    29.74433     0.00477     2.06312
LOW.STATE:       0  A'   1    44.62282    44.61567     0.00715     2.06312
LOW.STATE:       0  A'   1   831.20452   822.02932     9.17520     0.20631
LOW.STATE:       1  A"   2     5.94686     5.93757     0.00930     2.06312
LOW.STATE:       1  A"   2    14.86699    14.84375     0.02324     2.06312
LOW.STATE:       1  A"   2    26.76018    26.71835     0.04183     2.06312
LOW.STATE:       1  A"   2    41.62616    41.56110     0.06506     2.06312
LOW.STATE:       0  A'   1   831.21838   822.04111     9.17727     0.20631
LOW.STATE:       1  A'   1     5.97511     5.96115     0.01396     2.06312
LOW.STATE:       1  A'   1    14.93761    14.90270     0.03491     2.06312
LOW.STATE:       1  A'   1    26.88729    26.82446     0.06283     2.06312
LOW.STATE:       1  A'   1    41.82388    41.72614     0.09774     2.06312
LOW.STATE:       0  A'   1  1638.61900  1650.70905   -12.09005     0.20631
LOW.STATE:       0  A'   2     2.98659     2.98510     0.00149     2.06312
LOW.STATE:       0  A'   2     8.95961     5.88638     3.07323     2.06312
LOW.STATE:       0  A'   2    17.91879    14.82429     3.09450     2.06312
LOW.STATE:       0  A'   2    29.86367    26.74027     3.12341     2.06312
LOW.STATE:       0  A'   2    44.79367    41.63331     3.16036     2.06312
LOW.STATE:       0  A'   1  1654.36670  1659.66449    -5.29779     0.20631
LOW.STATE:       2  A'   4     8.95712     8.95582     0.00130     2.06312
LOW.STATE:       2  A'   4    20.89996    20.89750     0.00246     2.06312
LOW.STATE:       2  A'   4    35.82853    35.82550     0.00303     2.06312
LOW.STATE:       0  A'   1  1654.36623  1656.59564    -2.22940     0.20631
LOW.STATE:       2  A"   2     8.95559     8.93870     0.01690     2.06312
LOW.STATE:       2  A"   2    20.89612    20.85664     0.03948     2.06312
LOW.STATE:       2  A"   2    35.82136    35.75355     0.06781     2.06312
LOW.STATE:       0  A'   1  2183.94984  2179.88438     4.06546     0.20631
LOW.STATE:       0  A'   3     2.95536     2.95497     0.00039     2.06312
LOW.STATE:       0  A'   3     8.86601     8.86483     0.00118     2.06312
LOW.STATE:       0  A'   3    17.73182    17.72946     0.00235     2.06312
LOW.STATE:       0  A'   3    29.55258    29.54867     0.00392     2.06312
LOW.STATE:       0  A'   3    44.32805    44.32217     0.00587     2.06312
LOW.STATE:       0  A'   1  2459.39920  2462.38915    -2.98995     0.20631
LOW.STATE:       1  A"   5     5.98080     5.94085     0.03995     2.06312
LOW.STATE:       1  A"   5    14.95200    14.85190     0.10010     2.06312
LOW.STATE:       1  A"   5    26.91360    26.73289     0.18071     2.06312
LOW.STATE:       1  A"   5    41.86560    41.58347     0.28213     2.06312
LOW.STATE:       0  A'   1  2488.42680  2498.44409   -10.01729     0.20631
LOW.STATE:       3  A"   7    11.96480    11.93684     0.02796     2.06312
LOW.STATE:       3  A"   7    26.92080    26.85750     0.06330     2.06312
LOW.STATE:       0  A'   1  3015.28854  3004.67673    10.61181     0.20631
LOW.STATE:       1  A"   6     5.90570     5.89624     0.00946     2.06312
LOW.STATE:       1  A"   6    14.76408    14.74042     0.02365     2.06312
LOW.STATE:       1  A"   6    26.57493    26.53236     0.04256     2.06312
LOW.STATE:       1  A"   6    41.33798    41.27179     0.06619     2.06312
LOW.STATE:       0  A'   1  3015.29601  3004.68926    10.60675     0.20631
LOW.STATE:       1  A'   3     5.93557     5.92130     0.01427     2.06312
LOW.STATE:       1  A'   3    14.83875    14.80307     0.03568     2.06312
LOW.STATE:       1  A'   3    26.70935    26.64512     0.06422     2.06312
LOW.STATE:       1  A'   3    41.54709    41.44718     0.09991     2.06312
LOW.STATE:       0  A'   1  3088.73899  3068.36935    20.36964     0.20631
LOW.STATE:       0  A'   4     2.95140     2.95023     0.00117     2.06312
LOW.STATE:       0  A'   4     8.85413     8.85062     0.00351     2.06312
LOW.STATE:       0  A'   4    17.70807    17.70105     0.00702     2.06312
LOW.STATE:       0  A'   4    29.51301    29.50130     0.01171     2.06312
LOW.STATE:       0  A'   4    44.26870    44.25113     0.01757     2.06312
LOW.STATE:       0  A'   1  3895.81702  3854.32517    41.49185     0.20631
LOW.STATE:       1  A"  10     5.90239     5.90676    -0.00436     2.06312
LOW.STATE:       1  A"  10    14.75582    14.76674    -0.01092     2.06312
LOW.STATE:       1  A"  10    26.56007    26.57974    -0.01967     2.06312
LOW.STATE:       1  A"  10    41.31489    41.34551    -0.03062     2.06312
LOW.STATE:       0  A'   1  3895.83012  3854.33224    41.49788     0.20631
LOW.STATE:       1  A'   4     5.92952     5.92091     0.00861     2.06312
LOW.STATE:       1  A'   4    14.82362    14.80211     0.02151     2.06312
LOW.STATE:       1  A'   4    26.68211    26.64340     0.03871     2.06312
LOW.STATE:       1  A'   4    41.50471    41.44453     0.06018     2.06312
LOW.STATE:       0  A'   1  4347.78610  4339.06087     8.72523     0.20631
LOW.STATE:       0  A'   7     2.93555     2.93529     0.00026     2.06312
LOW.STATE:       0  A'   7     8.80659     8.80580     0.00079     2.06312
LOW.STATE:       0  A'   7    17.61298    17.61140     0.00159     2.06312
LOW.STATE:       0  A'   7    29.35455    29.35188     0.00267     2.06312
LOW.STATE:       0  A'   7    44.03104    44.02700     0.00404     2.06312
LOW.STATE:       0  A'   1  4679.37300  4646.61181    32.76119     0.20631
LOW.STATE:       0  A'   8     2.96536    10.27595    -7.31060     2.06312
LOW.STATE:       0  A'   8     8.89593     8.74505     0.15088     2.06312
LOW.STATE:       0  A'   8    17.79145    25.25357    -7.46212     2.06312
LOW.STATE:       0  A'   8    29.65149    37.22713    -7.57564     2.06312
LOW.STATE:       0  A'   8    44.47551    52.18474    -7.70923     2.06312
LOW.STATE:       0  A'   1  4694.51696  4662.88034    31.63662     0.20631
LOW.STATE:       2  A'  18     8.89788    23.75095   -14.85307     2.06312
LOW.STATE:       2  A'  18    20.76169    35.62436   -14.86267     2.06312
LOW.STATE:       2  A'  18    35.59141    50.46562   -14.87422     2.06312
LOW.STATE:       0  A'   1  4694.51650  4662.83621    31.68029     0.20631
LOW.STATE:       2  A"  10     8.89638    23.79508   -14.89870     2.06312
LOW.STATE:       2  A"  10    20.75794    35.66850   -14.91055     2.06312
LOW.STATE:       2  A"  10    35.58445    50.50975   -14.92530     2.06312
LOW.STATE:       0  A'   1  5247.08633  5218.21591    28.87042     0.20631
LOW.STATE:       0  A'  10     2.93301     2.93181     0.00120     2.06312
LOW.STATE:       0  A'  10     8.79897     8.79536     0.00361     2.06312
LOW.STATE:       0  A'  10    17.59774    17.59052     0.00722     2.06312
LOW.STATE:       0  A'  10    29.32913    29.31710     0.01203     2.06312
LOW.STATE:       0  A'  10    43.99287    43.97483     0.01804     2.06312
LOW.STATE:       0  A'   1  6054.56512  6002.31194    52.25317     0.20631
LOW.STATE:       1  A"  22     5.85841     5.93444    -0.07603     2.06312
LOW.STATE:       1  A"  22    14.64585    14.83205    -0.18619     2.06312
LOW.STATE:       1  A"  22    26.36211    26.68872    -0.32661     2.06312
LOW.STATE:       1  A"  22    41.00692    41.49998    -0.49306     2.06312
LOW.STATE:       0  A'   1  6054.57393  6002.31393    52.26000     0.20631
LOW.STATE:       1  A'  10     5.89365     5.93889    -0.04524     2.06312
LOW.STATE:       1  A'  10    14.73395    14.84425    -0.11031     2.06312
LOW.STATE:       1  A'  10    26.52067    26.71307    -0.19239     2.06312
LOW.STATE:       1  A'  10    41.25355    41.54198    -0.28843     2.06312
LOW.STATE:       0  A'   1  6078.68415  6016.31696    62.36719     0.20631
LOW.STATE:       0  A'  13     2.93039     2.92836     0.00203     2.06312
LOW.STATE:       0  A'  13     8.79110     8.78503     0.00607     2.06312
LOW.STATE:       0  A'  13    17.58200    17.56992     0.01208     2.06312
LOW.STATE:       0  A'  13    29.30292    29.28291     0.02001     2.06312
LOW.STATE:       0  A'  13    43.95359    43.92381     0.02978     2.06312
LOW.STATE:       0  A'   1  7385.94980  7352.49686    33.45294     0.20631
LOW.STATE:       0  A'  19     2.91452     2.91745    -0.00293     2.06312
LOW.STATE:       0  A'  19     8.74351     8.75229    -0.00879     2.06312
LOW.STATE:       0  A'  19    17.48683    17.50442    -0.01759     2.06312
LOW.STATE:       0  A'  19    29.14430    29.17366    -0.02936     2.06312
LOW.STATE:       0  A'  19    43.71567    47.15630    -3.44062     2.06312
LOW.STATE:       0  A'   4     2.38755     2.38196     0.00559     2.06312
LOW.STATE:       0  A'   4     7.16261     7.14582     0.01678     2.06312
LOW.STATE:       0  A'   4    14.32508    14.29150     0.03357     2.06312
LOW.STATE:       0  A'   4    23.87483    23.81885     0.05597     2.06312
LOW.STATE:       0  A'   4    35.81169    35.72769     0.08400     2.06312
LOW.STATE:       0  A'   3     2.38615     2.38627    -0.00012     2.06312
LOW.STATE:       0  A'   3     7.15841     7.15877    -0.00037     2.06312
LOW.STATE:       0  A'   3    14.31671    14.31742    -0.00071     2.06312
LOW.STATE:       0  A'   3    23.86093    23.86209    -0.00116     2.06312
LOW.STATE:       0  A'   3    35.79094    35.79261    -0.00167     2.06312
LOW.STATE:       1  A'   4     4.79921     4.71684     0.08236     2.06312
LOW.STATE:       1  A'   4    11.99790    11.80153     0.19638     2.06312
LOW.STATE:       1  A'   4    21.59595    21.26014     0.33582     2.06312
LOW.STATE:       1  A'   4    33.59317    33.09706     0.49611     2.06312
LOW.STATE:       1  A"  10     4.76179     4.76598    -0.00419     2.06312
LOW.STATE:       1  A"  10    11.90433    11.92320    -0.01887     2.06312
LOW.STATE:       1  A"  10    21.42746    21.47773    -0.05027     2.06312
LOW.STATE:       1  A"  10    33.33098    33.43425    -0.10326     2.06312
LOW.STATE:       1  A'   1     4.82691     4.81984     0.00707     2.06312
LOW.STATE:       1  A'   1    12.06715    12.04949     0.01766     2.06312
LOW.STATE:       1  A'   1    21.72060    21.68880     0.03180     2.06312
LOW.STATE:       1  A'   1    33.78705    33.73760     0.04946     2.06312
LOW.STATE:       1  A"   2     4.80411     4.80059     0.00352     2.06312
LOW.STATE:       1  A"   2    12.01017    12.00137     0.00880     2.06312
LOW.STATE:       1  A"   2    21.61803    21.60219     0.01584     2.06312
LOW.STATE:       1  A"   2    33.62751    33.60289     0.02462     2.06312
LOW.STATE:       0  A'   2     2.41447     2.41562    -0.00115     2.06312
LOW.STATE:       0  A'   2     7.24327     3.58562     3.65765     2.06312
LOW.STATE:       0  A'   2    14.48614    10.81847     3.66766     2.06312
LOW.STATE:       0  A'   2    24.14268    20.46154     3.68115     2.06312
LOW.STATE:       0  A'   2    36.21236    32.51420     3.69816     2.06312
LOW.STATE:       2  A"   2     7.24228     7.23331     0.00897     2.06312
LOW.STATE:       2  A"   2    16.89883    16.87750     0.02133     2.06312
LOW.STATE:       2  A"   2    28.96980    28.93239     0.03741     2.06312
LOW.STATE:       2  A'   4     7.24194     7.24711    -0.00517     2.06312
LOW.STATE:       2  A'   4    16.89765    16.91023    -0.01258     2.06312
LOW.STATE:       2  A'   4    28.96693    28.98959    -0.02266     2.06312
LOW.STATE:       1  A'   2     4.86507     4.85545     0.00963     2.06312
LOW.STATE:       1  A'   2    12.16248    12.13845     0.02403     2.06312
LOW.STATE:       1  A'   2    21.89197    21.84878     0.04319     2.06312
LOW.STATE:       1  A'   2    34.05321    33.98618     0.06703     2.06312
LOW.STATE:       1  A"   5     4.81872     4.81582     0.00290     2.06312
LOW.STATE:       1  A"   5    12.04659    12.03938     0.00721     2.06312
LOW.STATE:       1  A"   5    21.68338    21.67046     0.01292     2.06312
LOW.STATE:       1  A"   5    33.72876    33.70879     0.01997     2.06312
LOW.STATE:       3  A'   4     9.68017     9.66704     0.01312     2.06312
LOW.STATE:       3  A'   4    21.78026    21.75064     0.02962     2.06312
LOW.STATE:       3  A"   7     9.68017     9.66704     0.01313     2.06312
LOW.STATE:       3  A"   7    21.78027    21.75063     0.02964     2.06312
LOW.STATE:       0  A'   5     2.42773     2.42701     0.00072     2.06312
LOW.STATE:       0  A'   5     7.28288     7.28107     0.00181     2.06312
LOW.STATE:       0  A'   5    14.56479    14.56224     0.00255     2.06312
LOW.STATE:       0  A'   5    24.27249    22.25672     2.01577     2.06312
LOW.STATE:       0  A'   5    36.40470    34.36787     2.03683     2.06312
LOW.STATE:       2  A"   5     7.28274     7.27611     0.00664     2.06312
LOW.STATE:       2  A"   5    16.99397    16.97722     0.01675     2.06312
LOW.STATE:       2  A"   5    29.13444    29.10303     0.03141     2.06312
LOW.STATE:       2  A'   9     7.28165     7.27577     0.00588     2.06312
LOW.STATE:       2  A'   9    16.99014    16.97603     0.01411     2.06312
LOW.STATE:       2  A'   9    29.12516    29.10015     0.02500     2.06312
LOW.STATE:       4  A"   7    12.12905    12.11115     0.01790     2.06312
